20190513
20190629
20191025
20190304
20201112
20190203
20200719
20200616
20191113
20190603
20191113
20200206
20190917
20200627
20200122
20200107
20200813
20200415
20190604
20200826
20191022
20201020
20190729
20200111
20190828
20191123
20201023
20200725
20190923
20200214
20190906
20200223
20190624
20201025
20200505
20200416
20200110
20200402
20190613
20191230
20190415
20190407
20190705
20191013
20191009
20200124
20191008
20200110
20200906
20200718
20200120
20200804
20200117
20190730
20201205
20200715
20200723
20190324
20200101
20200111
20200201
20190510
20190811
20200108
20190113
20200916
20190121
20190912
20190525
20190312
20190127
20200808
20190412
20200626
20200413
20201101
20191026
20200614
20201015
20190801
20190901
20200922
20190705
20201012
20191205
20191213
20191010
20190722
20200926
20190725
20200606
20190414
20200414
20190602
20201127
20190718
20200125
20191015
20200322
20200805
20190508
20190818
20190122
20190607
20200924
20190805
20200712
20200305
20200412
20191022
20190512
20190206
20191203
20190215
20200807
20200510
20200208
20200511
20201213
20200506
20190717
20201030
20200529
20190314
20201111
20190910
20200108
20190510
20190602
20190520
20200419
20190203
20190919
20190304
20191216
20200830
20201125
20200919
20190421
20200814
20190128
20200504
20190308
20190308
20200929
20201022
20190516
20190711
20200831
20200516
20190830
20190117
20190714
20200725
20200917
20190731
20190630
20190920
20200911
20200310
20200130
20201114
20200410
20200626
20200209
20190106
20200625
20190320
20201012
20200620
20190306
20191029
20191204
20200823
20190205
20200512
20200805
20201114
20201109
20200227
20200624
20190608
20191208
20191020
20190612
20200624
20200723
20190916
20201025
20190716
20200820
20190614
20200721
20201116
20200418
20191029
20200404
20200519
20200327
20200914
20200401
20191016
20200408
20200725
20190314
20200203
20201102
20200523
20200620
20190627
20190806
20200707
20190213
20190906
20190520
20200607
20191122
20200109
20200323
20200404
20200514
20201212
20200211
20200814
20190416
20191128
20191222
20190607
20200806
20190222
20190220
20201107
20191127
20191029
20200921
20190507
20200514
20190908
20201024
20190619
20190915
20200324
20201128
20200517
20201217
20190207
20191014
20200204
20200801
20200507
20190912
20190423
20191208
20190527
20190830
20200717
20200404
20190814
20200404
20201029
20190704
20200730
20200428
20200212
20191125
20190223
20190419
20190602
20201119
20200106
20201027
20200825
20191005
20201107
20191021
20201021
20191212
20190502
20190328
20201027
20200511
20191105
20200612
20200809
20201209
20201210
20200413
20200125
20200512
20190831
20190201
20200603
20190111
20190528
20201017
20201107
20200301
20190303
20200902
20200217
20190829
20200127
20190415
20200623
20190805
20190622
20200319
20200213
20200627
20200415
20191206
20190313
20191108
20190920
20200825
20191017
20200508
20200826
20200102
20200905
20190518
20190412
20201013
20200106
20200718
20200705
20200906
20190326
20200913
20200929
20190417
20190603
20190908
20200715
20200210
20200714
20191028
20200731
20190222
20201030
20190911
20200711
20201127
20200109
20190120
20200609
20200407
20190928
20191202
20200622
20190903
20190410
20200125
20201101
20201126
20190623
20190128
20190107
20191221
20191229
20190512
20190125
20200906
20190913
20200531
20191028
20190110
20190128
20200321
20200417
20190521
20200423
20200103
20190714
20200804
20200106
20200626
20190826
20190622
20201121
20190106
20190514
20190209
20200819
20191127
20200922
20190304
20200107
20200623
20190125
20200129
20190204
20190409
20190223
20191003
20190305
20190830
20200730
20190924
20190402
20200524
20190105
20201218
20200730
20201207
20191231
20190722
20200112
20201001
20190727
20200922
20200925
20200328
20190912
20190212
20191017
20200509
20190410
20190712
20190801
20190808
20200308
20200129
20200619
20201007
20201115
20200905
20190725
20191126
20191205
20200601
20191220
20190717
20201213
20200718
20190130
20201110
20200229
20200220
20201208
20200521
20190812
20200801
20201224
20200205
20201223
20200305
20190820
20201020
20190411
20200410
20191116
20200127
20191106
20191202
20200807
20191230
20201106
20200403
20190105
20190823
20190811
20200113
20200521
20190909
20190712
20200621
20190223
20200902
20200518
20200116
20200204
20191130
20200813
20200617
20191012
20191208
20190829
20201119
20190429
20190424
20200326
20190323
20190914
20191020
20191007
20200102
20190922
20200308
20201214
20200920
20191013
20190628
20200314
20191223
20200815
20200206
20190824
20201008
20201017
20200728
20190717
20191028
20190729
20191014
20190128
20190313
20200827
20190619
20191014
20190825
20201010
20191207
20190627
20190509
20201026
20190302
20200111
20200107
20200601
20200601
20190322
20191015
20200121
20200307
20200327
20190611
20200914
20200502
20190820
20190831
20190126
20190725
20190502
20201011
20190604
20200206
20190825
20200914
20190813
20200613
20190920
20200512
20201002
20191229
20190308
20191026
20190704
20200701
20200526
20200616
20200727
20190204
20200521
20200325
20200908
20201112
20200701
20200110
20200921
20191012
20201119
20190906
20190105
20190521
20190506
20200912
20190504
20190522
20190828
20200110
20191209
20190402
20190108
20200310
20201213
20190822
20200711
20190522
20201212
20191121
20190326
20200504
20200127
20190907
20190830
20200209
20201102
20191121
20200216
20190617
20201101
20191206
20200424
20191115
20190110
20200207
20190612
20190207
20200713
20200726
20190428
20200403
20201024
20200717
20191111
20200702
20191114
20190925
20200904
20200610
20190720
20190702
20190130
20200420
20190826
20200226
20200224
20200224
20201005
20201207
20191006
20190901
20200615
20200616
20201021
20191203
20191213
20190829
20190419
20200617
20191206
20200106
20190518
20190216
20190426
20190321
20200622
20200706
20190401
20190913
20191231
20201205
20200626
20190422
20200224
20200625
20200711
20200622
20201013
20190110
20190827
20201110
20200616
20191102
20200329
20200503
20191126
20200212
20200608
20201207
20200319
20201210
20201015
20190523
20190619
20191126
20200320
20200715
20190709
20200629
20190128
20191102
20191205
20190418
20200420
20190507
20201125
20200311
20191124
20191211
20200930
20191221
20201204
20200125
20190823
20191017
20200816
20190414
20200818
20200827
20190511
20191121
20190806
20200218
20190112
20200323
20200920
20190305
20200229